,1,2,3,4,5,6,7,8,9,10,11,12
2020-01,1,0,0,0,0,0,0,0,0,0,0,0
2020-02,0,1,0,0,0,0,0,0,0,0,0,0
2020-03,0,0,1,0,0,0,0,0,0,0,0,0
2020-04,0,0,0,1,0,0,0,0,0,0,0,0
2020-05,0,0,0,0,1,0,0,0,0,0,0,0
2020-06,0,0,0,0,0,1,0,0,0,0,0,0
2020-07,0,0,0,0,0,0,1,0,0,0,0,0
2020-08,0,0,0,0,0,0,0,1,0,0,0,0
2020-09,0,0,0,0,0,0,0,0,1,0,0,0
2020-10,0,0,0,0,0,0,0,0,0,1,0,0
2020-11,0,0,0,0,0,0,0,0,0,0,1,0
2020-12,0,0,0,0,0,0,0,0,0,0,0,1
2021-01,1,0,0,0,0,0,0,0,0,0,0,0
2021-02,0,1,0,0,0,0,0,0,0,0,0,0
2021-03,0,0,1,0,0,0,0,0,0,0,0,0
2021-04,0,0,0,1,0,0,0,0,0,0,0,0
2021-05,0,0,0,0,1,0,0,0,0,0,0,0
2021-06,0,0,0,0,0,1,0,0,0,0,0,0
2021-07,0,0,0,0,0,0,1,0,0,0,0,0
2021-08,0,0,0,0,0,0,0,1,0,0,0,0
2021-09,0,0,0,0,0,0,0,0,1,0,0,0
2021-10,0,0,0,0,0,0,0,0,0,1,0,0
2021-11,0,0,0,0,0,0,0,0,0,0,1,0
2021-12,0,0,0,0,0,0,0,0,0,0,0,1
2022-01,1,0,0,0,0,0,0,0,0,0,0,0
2022-02,0,1,0,0,0,0,0,0,0,0,0,0
2022-03,0,0,1,0,0,0,0,0,0,0,0,0
2022-04,0,0,0,1,0,0,0,0,0,0,0,0
2022-05,0,0,0,0,1,0,0,0,0,0,0,0
2022-06,0,0,0,0,0,1,0,0,0,0,0,0
2022-07,0,0,0,0,0,0,1,0,0,0,0,0
2022-08,0,0,0,0,0,0,0,1,0,0,0,0
2022-09,0,0,0,0,0,0,0,0,1,0,0,0
2022-10,0,0,0,0,0,0,0,0,0,1,0,0
2022-11,0,0,0,0,0,0,0,0,0,0,1,0
2022-12,0,0,0,0,0,0,0,0,0,0,0,1
2023-01,1,0,0,0,0,0,0,0,0,0,0,0
2023-02,0,1,0,0,0,0,0,0,0,0,0,0
2023-03,0,0,1,0,0,0,0,0,0,0,0,0
2023-04,0,0,0,1,0,0,0,0,0,0,0,0
2023-05,0,0,0,0,1,0,0,0,0,0,0,0
2023-06,0,0,0,0,0,1,0,0,0,0,0,0
2023-07,0,0,0,0,0,0,1,0,0,0,0,0
2023-08,0,0,0,0,0,0,0,1,0,0,0,0
2023-09,0,0,0,0,0,0,0,0,1,0,0,0
2023-10,0,0,0,0,0,0,0,0,0,1,0,0
2023-11,0,0,0,0,0,0,0,0,0,0,1,0
2023-12,0,0,0,0,0,0,0,0,0,0,0,1
