,Mild,Summer,Winter
2020-1,0,0,1
2020-2,0,0,1
2020-3,0,0,1
2020-4,1,0,0
2020-5,1,0,0
2020-6,0,1,0
2020-7,0,1,0
2020-8,0,1,0
2020-9,0,1,0
2020-10,1,0,0
2020-11,1,0,0
2020-12,0,0,1
2021-1,0,0,1
2021-2,0,0,1
2021-3,0,0,1
2021-4,1,0,0
2021-5,1,0,0
2021-6,0,1,0
2021-7,0,1,0
2021-8,0,1,0
2021-9,0,1,0
2021-10,1,0,0
2021-11,1,0,0
2021-12,0,0,1
2022-1,0,0,1
2022-2,0,0,1
2022-3,0,0,1
2022-4,1,0,0
2022-5,1,0,0
2022-6,0,1,0
2022-7,0,1,0
2022-8,0,1,0
2022-9,0,1,0
2022-10,1,0,0
2022-11,1,0,0
2022-12,0,0,1
2023-1,0,0,1
2023-2,0,0,1
2023-3,0,0,1
2023-4,1,0,0
2023-5,1,0,0
2023-6,0,1,0
2023-7,0,1,0
2023-8,0,1,0
2023-9,0,1,0
2023-10,1,0,0
2023-11,1,0,0
2023-12,0,0,1
